street_fi,street_sv,lono,hino
Pl 1,,,
Pl 1001,,,
Pl 1002,,,
Pl 1003,,,
Pl 1004,,,
Pl 1005,,,
Pl 1006,,,
Pl 1007,,,
Pl 1008,,,
Pl 1009,,,
Pl 1010,,,
Pl 112,,,
Pl 15,,,
Pl 17,,,
Pl 2,,,
Pl 21,,,
Pl 25,,,
Pl 27,,,
Pl 3,,,
Pl 30,,,
Pl 300,,,
Pl 33,,,
Pl 36,,,
Pl 4,,,
Pl 40,,,
Pl 45,,,
Pl 50,,,
Pl 59,,,
Pl 6,,,
Pl 63,,,
Pl 64,,,
Pl 71,,,
Pl 72,,,
Pl 73,,,
Pl 74,,,
Pl 75,,,
Pl 76,,,
