street_fi,street_sv,lono,hino
Pl 1000,,,
Pl 101,,,
Pl 102,,,
Pl 103,,,
Pl 104,,,
Pl 105,,,
Pl 106,,,
Pl 107,,,
Pl 108,,,
Pl 109,,,
Pl 110,,,
Pl 111,,,
Pl 112,,,
Pl 113,,,
Pl 114,,,
Pl 115,,,
Pl 116,,,
Pl 117,,,
Pl 118,,,
Pl 119,,,
Pl 120,,,
Pl 121,,,
Pl 122,,,
Pl 123,,,
Pl 124,,,
Pl 125,,,
Pl 126,,,
Pl 127,,,
Pl 128,,,
Pl 129,,,
Pl 130,,,
Pl 131,,,
Pl 132,,,
Pl 133,,,
Pl 134,,,
Pl 135,,,
Pl 136,,,
Pl 137,,,
Pl 138,,,
Pl 139,,,
Pl 140,,,
Pl 141,,,
Pl 142,,,
Pl 143,,,
Pl 144,,,
Pl 145,,,
Pl 146,,,
Pl 147,,,
Pl 148,,,
Pl 149,,,
Pl 150,,,
Pl 153,,,
Pl 154,,,
Pl 155,,,
Pl 156,,,
Pl 157,,,
Pl 158,,,
Pl 159,,,
Pl 160,,,
Pl 161,,,
Pl 162,,,
Pl 163,,,
Pl 164,,,
Pl 165,,,
Pl 166,,,
Pl 167,,,
Pl 168,,,
Pl 169,,,
Pl 170,,,
Pl 171,,,
Pl 172,,,
Pl 173,,,
Pl 174,,,
Pl 175,,,
Pl 176,,,
Pl 177,,,
Pl 178,,,
Pl 179,,,
Pl 180,,,
Pl 181,,,
Pl 182,,,
Pl 183,,,
Pl 184,,,
Pl 185,,,
Pl 186,,,
Pl 187,,,
Pl 188,,,
Pl 190,,,
Pl 191,,,
Pl 192,,,
Pl 193,,,
Pl 194,,,
Pl 195,,,
Pl 196,,,
Pl 197,,,
Pl 198,,,
Pl 199,,,
Pl 200,,,
Pl 201,,,
Pl 202,,,
Pl 203,,,
Pl 204,,,
Pl 205,,,
Pl 206,,,
Pl 207,,,
Pl 208,,,
Pl 209,,,
Pl 210,,,
Pl 211,,,
Pl 212,,,
Pl 213,,,
Pl 214,,,
Pl 215,,,
Pl 216,,,
Pl 217,,,
Pl 218,,,
Pl 219,,,
Pl 220,,,
Pl 221,,,
Pl 222,,,
Pl 223,,,
Pl 224,,,
Pl 225,,,
Pl 226,,,
Pl 227,,,
Pl 228,,,
Pl 229,,,
Pl 230,,,
Pl 231,,,
Pl 233,,,
Pl 234,,,
Pl 235,,,
Pl 236,,,
Pl 237,,,
Pl 238,,,
Pl 239,,,
Pl 240,,,
Pl 241,,,
Pl 242,,,
Pl 243,,,
Pl 244,,,
Pl 245,,,
Pl 246,,,
Pl 251,,,
Pl 252,,,
Pl 253,,,
Pl 254,,,
Pl 255,,,
Pl 256,,,
Pl 257,,,
Pl 258,,,
Pl 259,,,
Pl 260,,,
Pl 261,,,
Pl 262,,,
Pl 263,,,
Pl 264,,,
Pl 265,,,
Pl 266,,,
Pl 267,,,
Pl 268,,,
Pl 269,,,
Pl 270,,,
Pl 271,,,
Pl 272,,,
Pl 273,,,
Pl 274,,,
Pl 275,,,
Pl 276,,,
Pl 277,,,
Pl 278,,,
Pl 279,,,
Pl 280,,,
Pl 281,,,
Pl 282,,,
Pl 283,,,
Pl 284,,,
Pl 285,,,
Pl 286,,,
Pl 287,,,
Pl 288,,,
Pl 289,,,
Pl 290,,,
Pl 291,,,
Pl 292,,,
Pl 293,,,
Pl 294,,,
Pl 295,,,
Pl 296,,,
Pl 297,,,
Pl 298,,,
Pl 299,,,
Pl 300,,,
Pl 301,,,
Pl 302,,,
Pl 303,,,
Pl 304,,,
Pl 305,,,
Pl 306,,,
Pl 307,,,
Pl 308,,,
Pl 309,,,
Pl 310,,,
Pl 311,,,
Pl 312,,,
Pl 313,,,
Pl 314,,,
Pl 315,,,
Pl 316,,,
Pl 317,,,
Pl 318,,,
Pl 319,,,
Pl 320,,,
Pl 321,,,
Pl 322,,,
Pl 323,,,
Pl 324,,,
Pl 325,,,
Pl 326,,,
Pl 327,,,
Pl 328,,,
Pl 329,,,
Pl 330,,,
Pl 331,,,
Pl 332,,,
Pl 333,,,
Pl 334,,,
Pl 335,,,
Pl 336,,,
Pl 337,,,
Pl 338,,,
Pl 339,,,
Pl 340,,,
Pl 341,,,
Pl 342,,,
Pl 343,,,
Pl 344,,,
Pl 345,,,
Pl 346,,,
Pl 347,,,
Pl 348,,,
Pl 349,,,
Pl 350,,,
Pl 351,,,
Pl 352,,,
Pl 353,,,
Pl 354,,,
Pl 355,,,
Pl 356,,,
Pl 357,,,
Pl 358,,,
Pl 359,,,
Pl 360,,,
Pl 361,,,
Pl 362,,,
Pl 363,,,
Pl 364,,,
Pl 365,,,
Pl 366,,,
Pl 367,,,
Pl 368,,,
Pl 369,,,
Pl 370,,,
Pl 371,,,
Pl 372,,,
Pl 373,,,
Pl 374,,,
Pl 375,,,
Pl 376,,,
Pl 377,,,
Pl 378,,,
Pl 379,,,
Pl 380,,,
Pl 381,,,
Pl 382,,,
Pl 383,,,
Pl 384,,,
Pl 385,,,
Pl 386,,,
Pl 387,,,
Pl 388,,,
Pl 389,,,
Pl 390,,,
Pl 391,,,
Pl 392,,,
Pl 393,,,
Pl 394,,,
Pl 395,,,
Pl 396,,,
Pl 397,,,
Pl 398,,,
Pl 399,,,
Pl 400,,,
Pl 401,,,
Pl 402,,,
Pl 403,,,
Pl 404,,,
Pl 405,,,
Pl 406,,,
Pl 407,,,
Pl 408,,,
Pl 409,,,
Pl 410,,,
Pl 411,,,
Pl 412,,,
Pl 413,,,
Pl 414,,,
Pl 415,,,
Pl 416,,,
Pl 417,,,
Pl 418,,,
Pl 419,,,
Pl 420,,,
Pl 421,,,
Pl 422,,,
Pl 425,,,
